t:	0.1	r10%:	[0.6851851851851851	0.7195121951219513	0.6859791425260718	0.6851851851851851]	
	sample:	[0.627906976744186	0.6506024096385542	0.627906976744186	0.627906976744186]	
	avg:	[0.65654608	0.6850573	0.65694306	0.65654608]
t:	0.15	r10%:	[0.6923976608187136	0.7951153324287654	0.7908232118758436	0.7907608695652174]	
	sample:	[0.627906976744186	0.7397260273972603	0.7105263157894737	0.7105263157894737]	
	avg:	[0.66015232	0.76742068	0.75067476	0.75064359]
t:	0.2	r10%:	[0.7418546365914788	0.8326055312954878	0.8233618233618232	0.8306801736613604]	
	sample:	[0.6749999999999999	0.7941176470588235	0.782608695652174	0.7499999999999999]	
	avg:	[0.70842732	0.81336159	0.80298526	0.79034009]
t:	0.25	r10%:	[0.7814569536423841	0.8388059701492538	0.831858407079646	0.8370702541106128]	
	sample:	[0.6923076923076924	0.7941176470588235	0.782608695652174	0.7878787878787878]	
	avg:	[0.73688232	0.81646181	0.80723355	0.81247452]
t:	0.3	r10%:	[0.7978290366350066	0.8492307692307692	0.8378378378378377	0.8343558282208589]	
	sample:	[0.7222222222222221	0.8125	0.7761194029850746	0.7999999999999999]	
	avg:	[0.76002563	0.83086538	0.80697862	0.81717791]
t:	0.35	r10%:	[0.8179271708683473	0.8459119496855346	0.8401826484018264	0.8330733229329172]	
	sample:	[0.7462686567164178	0.8333333333333334	0.7999999999999999	0.8253968253968254]	
	avg:	[0.78209791	0.83962264	0.82009132	0.82923507]
t:	0.4	r10%:	[0.8292682926829268	0.8333333333333334	0.8390092879256966	0.8362480127186009]	
	sample:	[0.7812500000000001	0.847457627118644	0.8125	0.8387096774193549]	
	avg:	[0.80525915	0.84039548	0.82575464	0.83747885]
t:	0.45	r10%:	[0.8394698085419735	0.8279220779220781	0.8338557993730409	0.8405797101449275]	
	sample:	[0.7812500000000001	0.8771929824561403	0.819672131147541	0.8524590163934426]	
	avg:	[0.8103599	0.85255753	0.82676397	0.84651936]
t:	0.5	r10%:	[0.8445121951219513	0.8186356073211315	0.835725677830941	0.839344262295082]	
	sample:	[0.8333333333333334	0.8771929824561403	0.847457627118644	0.8620689655172414]	
	avg:	[0.83892276	0.84791429	0.84159165	0.85070661]
t:	0.55	r10%:	[0.8330733229329172	0.8287671232876712	0.8368336025848142	0.8316498316498316]	
	sample:	[0.8771929824561403	0.8679245283018868	0.8928571428571429	0.8888888888888888]	
	avg:	[0.85513315	0.84834583	0.86484537	0.86026936]
t:	0.6	r10%:	[0.8222222222222222	0.8119507908611598	0.835820895522388	0.8287671232876712]	
	sample:	[0.9090909090909091	0.8627450980392156	0.8928571428571429	0.9056603773584906]	
	avg:	[0.86565657	0.83734794	0.86433902	0.86721375]
t:	0.65	r10%:	[0.8187919463087249	0.791970802919708	0.8290155440414508	0.8208695652173912]	
	sample:	[0.9056603773584906	0.8627450980392156	0.9090909090909091	0.8800000000000001]	
	avg:	[0.86222616	0.82735795	0.86905323	0.85043478]
t:	0.7	r10%:	[0.8000000000000002	0.7557251908396947	0.7889908256880732	0.8121645796064401]	
	sample:	[0.9056603773584906	0.8627450980392156	0.8800000000000001	0.8800000000000001]	
	avg:	[0.85283019	0.80923514	0.83449541	0.84608229]
t:	0.75	r10%:	[0.7480314960629922	0.6938775510204082	0.45012787723785164	0.7651515151515152]	
	sample:	[0.8750000000000001	0.782608695652174	0.45714285714285713	0.851063829787234]	
	avg:	[0.81151575	0.73824312	0.45363537	0.80810767]
t:	0.8	r10%:	[0.6228070175438597	0.6045454545454546	0.0	0.6845360824742268]	
	sample:	[0.8	0.7727272727272727	0.0	0.8]	
	avg:	[0.71140351	0.68863636	0.	0.74226804]
t:	0.85	r10%:	[0.2758620689655173	0.4084880636604775	0.0	0.5012285012285012]	
	sample:	[0.3125	0.5789473684210525	0.0	0.5]	
	avg:	[0.29418103	0.49371772	0.	0.50061425]
t:	0.9	r10%:	[0.0	0.04620462046204621	0.0	0.013377926421404682]	
	sample:	[0.0	0.0	0.0	0.0]	
	avg:	[0.	0.02310231	0.	0.00668896]